INFO: 2022-11-21 13:53:55,178: Data
INFO: 2022-11-21 13:53:55,178: Data shape (110527, 14)
INFO: 2022-11-21 13:53:55,195: Percentage of women: 0.653882342398853
INFO: 2022-11-21 13:53:55,211: Percentage of men: 0.346117657601147
ERROR: 2022-11-21 13:58:14,406: Data shape is incorrect!
